$ANSIBLE_VAULT;1.1;AES256
63393066333936336564623864666634393463316566366439393030336465663235633630663964
3364333834613435376238653963656365353331303536620a346230316663643631666564373433
34336537623536396439656366373661653361666561353137383532633031646363643061633531
3462616233353731390a343338396464326337643838363861343237303735353130333037353033
34653237646538336562313234366633383934363363333436616364623032303562346431353736
64323833633233376438396337656338363461623161663033343866666634643335656162303333
63623663636134326363323466616539383939643430373062303065333464306238666138376338
32396537336535643766663665343534353739303636633864373431303231653661653661393266
34346265633734393439323036353933363932383139326562303338303962343538363330366237
34326638323731353634363239363432316538373862646136656165366366663538313032383034
32393561306635343935316434666661383534303131373736646366653765663664393936316362
62656564623430393732656262376639363930636530303064653466303932376631383432386536
30303138646361363733396238363839376561356465343464326333626665343931383061303130
65626562613661643530396261376233313563613030636131373266643538393239366261343466
37333639353264393238656636353961616364316130356335383361333461636234373765346439
61353963343066663266613864613539646332353366353966386661386436616262616534633562
64636561316331323235333030376231343065646631313132373037363332653563373835336137
61633762333134626338343136353333353332626464653039613235313139343233653765393739
66366535666362623562363165386333356137666438356561633236663833383936393631366263
63323865623732346433613763313039333838666131653738393136656636336533376364316561
61663263303039316338323638376462346536366232386536616630376336623832386335323663
32663836623439613962643264636162356166333833396565316265366665326230393131333434
36663865313339346637326537623930663630353439376165303335353030633765643130663135
62393736653866363261656464643964313562653339313231373166303238376466623032346232
30633061333939363563663466336134653130643630343839303365336530386166353161393365
38353231663063323363366636376361306562623638323864653135626632363134356338323939
63633963336632616337333639386466333866656631306431643239376565323363666437633665
38323338306138396665333834316531326131626232643465653866316133393436623337323739
62333033386163643135303833356164346535663763303064623665363237346531616134316538
37336134613361626162383131326565636233643636643231393034373062633232613463613165
35333963656664353664326463653632663333326462306631393932363737636466323336383733
39643431366264616638333830633963353662323239313262373936326362313436623930313036
34306435663634363963616134353732366332636166333433613162323564663963663834613734
64663062326231393261636664313233393665383937386532306131383930303662663039353564
62366230646663323330663563616663396532363238643133326235303739386164626536633930
65656665373766313461653864623339393162323131663361643632323362316538366334623130
36333430326362333461346437653332643962626335663638396462626437383334306135383734
65376230366131336136353363333839663331613331343434316634623937643664653863383233
62643065336561376230393662636262363865396439653931383338353136313638333334333533
37313231313065633465373932356231356539663433393963633432313162363330376535386335
64383531653261313233353966363939623435613861376135613634303139303738386237663361
38653633323630633266393134616365373666663736343264356434373336323935333765313331
35373932386639306631363332353537373330643462336530663563666633393338306537316334
31303031636237303638336162336466333461363234353837386261613461613932623239363439
38333435653132306262666165646162363538323165343032363564363834656564343632616134
39623939626636383232386463323561386662626266333464373162646562613732636336623162
62346330636361663238656335626430373231356566326464623333353235386662353137333737
32613861303265613763303130633332663066623638333732313737666162643961653234353139
61316434303565613831363330396237643765363365633163623339636130336161663561616635
35303732366365616332646238363964393436613333306330306633323863643131343231616230
37633331313930323937316363336665383338363539333965346231323430626135613865643832
62326463303438326432383032653939656330616132373133386133623133356236396439633162
30393133316432636239326366333639623034393266356466646332653436383362653464373464
34316433326435303064373039636133303539396535353362326465333032326430386334336630
35396530343966316439656232623636376637656234633964326163366532383238613339386638
64336636373566333832623465393634373538373131653963373562313165316634313664373639
30333561313433383564646236393538363035323539393665313061666563656665663434616235
62343263333236656532323635313637616166653437303432663736356331663965366539663936
34663363303839356662366237386565323933336537326232643666623037613030346462643839
63333936653332623232613633623737333665643138373066353764646262333535366232616432
64343536363637376533353338613730323463613766363661383437656264623338393934316530
33306337643266383432363033666264653561316264633935343463613431643338666134323465
38303665393137393563363361306163336239323037653366616635633666663764633835653638
30366662653066623536623863313330643436303333393039373864366134633362313561353638
34343334313131393338626436363062323530383830383531393562323039616166666433383433
33303363383639613537626638393762323430383062643262313862343735373764373431326461
386437363538363236663732623936646364
